0.0028371
0.0113811
0.0250111
0.0444626
0.0688264
0.10031
0.133583
0.176643
0.228326
0.27163
0.335293
0.387373
0.459523
0.523086
0.600434
0.690622
0.788584
0.880302
0.986965
1.09416
1.20458
1.33234
1.435
1.60089
1.72534
1.81851
1.98934
2.07582
2.26301
2.47235
2.60048
2.83246
2.97178
3.17859
3.32274
3.56279
3.76976
3.9854
4.21853
4.39424
4.64914
4.81936
5.06747
5.32261
5.71299
6.04168
6.29485
6.68138
7.81906
12.3968
12.5004
13.0522
13.2316
13.8248
14.4351
15.0248
15.592
17.127
12.7903
10.872
11.7503
17.2515
20.0352
20.9991
18.5506
13.5288
13.4553
13.8935
14.375
14.7921
15.2314
15.7494
16.2333
16.6762
17.1689
17.6992
23.6597
18.9572
19.213
28.1475
34.9607
34.8353
35.5524
36.6538
37.4981
38.4286
39.3271
43.6678
42.7309
43.9879
44.4139
44.6083
45.5599
46.4644
47.6038
48.6379
49.6422
50.7543
51.6708
52.9866
54.2469
54.996
49.5062
35.0498
36.0684
36.5703
37.1578
37.7422
38.6432
39.5016
54.5423
62.479
62.37
65.1312
64.1504
63.9118
64.9894
65.953
67.5141
68.7516
69.5032
70.8277
72.1853
73.1559
74.7989
75.3295
76.5809
78.5013
79.3135
