0.0022482
0.001478
0.0019437
0.0025089
0.00308
0.0040243
0.0050061
0.0052068
0.0052803
0.0066083
0.0071517
0.0093437
0.0095252
0.0127898
0.0096819
0.0107008
0.0149792
0.0118905
0.0129167
0.0169676
0.0138698
0.0197908
0.0146309
0.0202335
0.0160811
0.0204438
0.0181754
0.0204145
0.0210632
0.0258657
0.0217619
0.0230592
0.0230138
0.0248723
0.0231129
0.0252347
0.0226914
0.0256387
0.0252011
0.0274612
0.0275947
0.0295647
0.0282859
0.0307602
0.0295869
0.0319707
0.0309019
0.0338959
0.0332229
0.0349681
0.0325641
0.036132
0.0342099
0.0366843
0.0346537
0.0389128
0.0387234
0.0408009
0.0407426
0.0416808
0.0408835
0.0435024
0.0435625
0.0483822
0.0430791
0.053901
0.0507656
0.0556396
0.0615558
0.0633504
0.081227
0.0888138
0.100054
0.0591769
0.0570809
0.15607
0.0575218
0.160638
0.0578241
0.147028
0.0586515
0.144148
0.0595802
0.187539
0.0617228
0.179375
0.0626586
0.176948
0.0634941
0.171187
0.0653756
0.166698
0.0651418
0.163642
0.0666488
0.156416
0.0664421
0.153567
0.0676951
0.150902
0.0701648
0.145966
0.0720062
0.140856
0.0720747
0.136369
0.0714076
0.132129
0.0729776
0.127147
0.0737175
0.122919
0.0741339
0.119533
0.0748055
0.114468
0.0775791
0.0810793
0.0810317
0.0853094
0.0837343
0.0862379
0.0822777
0.0919669
0.0890689
0.0967531
0.0876855
0.101459
0.0969767
0.115202
0.127041
0.112082
0.112398
0.101574
0.117522
0.105995
0.117601
0.16682
0.0981113
0.220334
0.110067
0.223787
0.106408
0.222384
0.110307
0.218695
0.203788
0.105797
0.217319
0.111102
0.225804
0.111572
0.218192
0.114757
0.109198
0.221461
0.114611
0.217725
0.115093
0.210953
0.112823
0.207935
0.205991
0.140613
0.138969
0.155817
0.13869
0.123864
0.130523
0.162886
0.129531
0.170197
0.146749
0.157427
0.162186
0.160345
0.124937
0.197853
0.150734
0.201685
0.29352
0.153057
0.14179
0.158004
0.162677
0.211216
0.240122
0.453302
0.275722
0.262138
0.189611
0.197753
0.232264
0.536872
0.234881
0.167274
0.198376
0.173046
0.238447
0.363535
0.184589
0.178455
0.199333
0.180348
0.20214
0.317973
0.197429
0.17463
0.192885
0.181836
0.191492
0.326225
0.202998
0.20611
0.24851
0.745528
0.24724
0.235638
0.702535
0.21471
0.188247
0.50115
0.204239
0.257837
0.20962
0.365554
0.255223
0.268159
0.206138
0.268148
0.258276
0.223267
0.203297
0.228288
0.19546
0.210687
0.193454
0.218871
0.197598
0.217625
0.198598
0.209849
0.196964
0.208071
0.214337
0.227169
0.218185
0.211137
0.200641
0.214433
0.218973
0.244634
0.205242
0.215847
0.230541
0.235677
0.244761
0.237996
0.229117
0.262549
0.280411
0.247803
0.264423
0.248997
0.262707
0.251866
0.271668
0.249803
0.27327
0.250865
0.27098
0.258238
0.278639
0.262873
0.276111
0.259628
0.272289
0.257351
0.274468
0.261634
0.285194
0.30459
0.354415
0.259544
0.279747
0.263219
0.281592
0.260454
0.279066
0.262545
0.281384
0.265882
0.288531
0.266463
0.286633
0.269655
0.28403
0.268616
0.290569
0.276243
0.288958
0.274594
0.289945
0.282982
0.306933
0.281332
0.311263
0.279564
0.298325
0.279466
0.302988
0.285589
0.291776
0.281862
0.302243
0.284391
0.302291
0.291419
0.315951
0.274194
0.29633
0.278879
0.301349
0.284486
0.306221
0.284691
0.305129
0.281313
0.302113
0.28837
0.310385
0.280499
0.302222
0.283808
0.301882
0.281933
0.301909
0.284318
0.299803
0.282401
0.295522
0.284575
0.308561
0.299167
0.30885
0.301308
0.308687
0.288625
0.297802
0.288379
0.303882
0.286479
0.302397
0.28862
0.305401
0.292057
0.309303
0.292803
0.307438
0.292727
