0.0023114
0.0005964
0.0007923
0.0009484
0.0010383
0.0012859
0.0016293
0.0018155
0.0020221
0.0022294
0.0029711
0.0035805
0.0051879
0.0052533
0.0038148
0.0041082
0.0079778
0.0045497
0.004513
0.0081241
0.0052053
0.0084969
0.005538
0.0089045
0.0065597
0.0083215
0.0083804
0.0090817
0.0096643
0.0105006
0.0094354
0.0106053
0.0096609
0.0096327
0.0092082
0.0089739
0.0097361
0.0098027
0.0102631
0.0113499
0.0122291
0.0107521
0.0110643
0.0110323
0.0115987
0.0122013
0.0122738
0.013421
0.0141483
0.0136328
0.0141225
0.014452
0.0160477
0.0162005
0.0147927
0.0160759
0.0171837
0.0173104
0.0177264
0.017335
0.0189143
0.0191006
0.0213978
0.0232372
0.0193455
0.0301147
0.0300668
0.0310514
0.0308432
0.0455629
0.0456343
0.0760546
0.0974132
0.0249862
0.0256178
0.0942968
0.0268199
0.0954068
0.0266379
0.104118
0.0274147
0.0936581
0.0270554
0.0928058
0.0271974
0.0914208
0.0282116
0.0914281
0.030881
0.0887157
0.0287878
0.0874506
0.0292064
0.0857366
0.029246
0.0844246
0.0297977
0.0829611
0.0305575
0.0837665
0.0300227
0.0778137
0.0314377
0.0773199
0.0323231
0.0750382
0.0324745
0.0717078
0.0325999
0.0698273
0.0328884
0.0685211
0.0323978
0.0629861
0.0329956
0.0607358
0.0349098
0.0338098
0.0366298
0.0383485
0.035883
0.0371677
0.0365429
0.0376118
0.0415282
0.0418464
0.0415095
0.0522247
0.0430818
0.0488456
0.0606692
0.0469112
0.0632403
0.0448543
0.0568692
0.0457445
0.0803337
0.125651
0.045724
0.151821
0.0460485
0.149171
0.0465452
0.158841
0.0474389
0.153432
0.147216
0.0452907
0.142533
0.0495711
0.138244
0.0473645
0.142203
0.0539925
0.0566884
0.143937
0.0715723
0.135194
0.0505021
0.148423
0.065061
0.128056
0.119967
0.050388
0.0663584
0.0517432
0.0597499
0.0551315
0.0774163
0.0592975
0.0568708
0.0557263
0.0666416
0.0579829
0.0612969
0.0652942
0.0701639
0.0600126
0.0616152
0.0615897
0.0643339
0.0773242
0.0819241
0.0739709
0.101371
0.105424
0.103301
0.255794
0.157398
0.103523
0.106166
0.107906
0.158342
0.10852
0.109329
0.270761
0.16354
0.0857994
0.167653
0.480901
0.0911669
0.169434
0.116539
0.0959624
0.120448
0.138554
0.0918634
0.120172
0.300962
0.0960131
0.132518
0.106415
0.0924533
0.109712
0.147438
0.71072
0.126877
0.104395
0.67499
0.117916
0.0950628
0.293554
0.125075
0.125417
0.121413
0.295733
0.17783
0.196827
0.116831
0.181856
0.171225
0.106846
0.142854
0.132474
0.109541
0.110985
0.112939
0.12973
0.116324
0.193119
0.144632
0.144378
0.148126
0.221528
0.193721
0.313052
0.140169
0.16125
0.143207
0.120842
0.136393
0.126901
0.125976
0.130996
0.171818
0.143286
0.147896
0.15646
0.16833
0.145848
0.151787
0.137863
0.150617
0.177068
0.178131
0.17345
0.161067
0.142437
0.157371
0.15687
0.190695
0.207754
0.169017
0.165176
0.140469
0.168383
0.17014
0.186851
0.182994
0.162431
0.162768
0.17166
0.159047
0.186901
0.181474
0.159248
0.145752
0.150901
0.167158
0.194138
0.188177
0.179762
0.164021
0.168138
0.16871
0.160562
0.172412
0.168017
0.173017
0.176573
0.171152
0.186406
0.191493
0.170632
0.174909
0.186151
0.17601
0.174632
0.178387
0.189021
0.183822
0.212651
0.169652
0.190127
0.203744
0.186062
0.194381
0.207118
0.201367
0.180334
0.17871
0.175454
0.196151
0.15232
0.16998
0.205965
0.180958
0.182962
0.176323
0.174468
0.189194
0.175518
0.185849
0.170132
0.171625
0.179472
0.181012
0.189012
0.183746
0.191556
0.188422
0.200373
0.195888
0.201416
0.232541
0.20987
0.194632
0.187112
0.194657
0.212447
0.187619
0.207175
0.191951
0.198489
0.190049
0.213939
0.238472
0.212057
0.219524
0.226901
0.210156
0.203807
0.219649
0.209781
0.209978
0.237634
0.220476
0.221753
0.238065
0.210359
0.210398
0.219072
0.226112
0.216619
0.211826
0.251916
0.229709
0.231388
0.235488
0.24232
0.219508
0.248661
0.225236
0.24188
0.236115
0.255007
0.221125
0.218582
0.251275
0.272767
0.295706
0.2348
0.245306
0.254841
0.237845
0.233916
0.227083
0.259051
0.242061
0.230659
0.247512
0.257339
0.254594
0.286299
0.214221
0.218282
0.230721
0.238445
0.221517
0.264188
0.238247
0.261558
0.232506
0.235698
0.258354
0.259216
0.253962
0.270743
0.260846
0.275193
0.294708
0.2313
0.248693
0.234142
0.200419
0.186388
0.185844
0.182518
0.187168
0.182732
0.191916
0.18644
0.18664
0.190259
0.184427
0.198441
0.192499
0.185481
0.190358
0.186637
0.193687
0.187801
0.194181
0.190698
0.187675
0.196228
0.18944
0.199873
0.187603
0.190263
0.190162
0.193757
0.188923
0.18908
0.189751
0.190866
0.191442
0.192005
0.192996
0.192779
0.192385
0.193099
0.197028
0.193694
0.19372
0.194133
0.197082
0.195911
0.196749
0.197622
0.198415
0.199038
0.198825
0.199169
0.198589
0.199139
0.199655
0.200314
0.200336
0.200908
0.2027
0.202812
0.204347
